x   y   y_sp   dydx   dydx_sp
0.000000e+00   1.000000e+00   1.000000e+00   0.000000e+00   2.111295e-14
8.008008e-03   1.000192e+00   1.000192e+00   4.804805e-02   4.804805e-02
1.601602e-02   1.000770e+00   1.000770e+00   9.609610e-02   9.609610e-02
2.402402e-02   1.001731e+00   1.001731e+00   1.441441e-01   1.441441e-01
3.203203e-02   1.003078e+00   1.003078e+00   1.921922e-01   1.921922e-01
4.004004e-02   1.004810e+00   1.004810e+00   2.402402e-01   2.402402e-01
4.804805e-02   1.006926e+00   1.006926e+00   2.882883e-01   2.882883e-01
5.605606e-02   1.009427e+00   1.009427e+00   3.363363e-01   3.363363e-01
6.406406e-02   1.012313e+00   1.012313e+00   3.843844e-01   3.843844e-01
7.207207e-02   1.015583e+00   1.015583e+00   4.324324e-01   4.324324e-01
8.008008e-02   1.019238e+00   1.019238e+00   4.804805e-01   4.804805e-01
8.808809e-02   1.023279e+00   1.023279e+00   5.285285e-01   5.285285e-01
9.609610e-02   1.027703e+00   1.027703e+00   5.765766e-01   5.765766e-01
1.041041e-01   1.032513e+00   1.032513e+00   6.246246e-01   6.246246e-01
1.121121e-01   1.037707e+00   1.037707e+00   6.726727e-01   6.726727e-01
1.201201e-01   1.043287e+00   1.043287e+00   7.207207e-01   7.207207e-01
1.281281e-01   1.049250e+00   1.049250e+00   7.687688e-01   7.687688e-01
1.361361e-01   1.055599e+00   1.055599e+00   8.168168e-01   8.168168e-01
1.441441e-01   1.062333e+00   1.062333e+00   8.648649e-01   8.648649e-01
1.521522e-01   1.069451e+00   1.069451e+00   9.129129e-01   9.129129e-01
1.601602e-01   1.076954e+00   1.076954e+00   9.609610e-01   9.609610e-01
1.681682e-01   1.084842e+00   1.084842e+00   1.009009e+00   1.009009e+00
1.761762e-01   1.093114e+00   1.093114e+00   1.057057e+00   1.057057e+00
1.841842e-01   1.101771e+00   1.101771e+00   1.105105e+00   1.105105e+00
1.921922e-01   1.110814e+00   1.110814e+00   1.153153e+00   1.153153e+00
2.002002e-01   1.120240e+00   1.120240e+00   1.201201e+00   1.201201e+00
2.082082e-01   1.130052e+00   1.130052e+00   1.249249e+00   1.249249e+00
2.162162e-01   1.140248e+00   1.140248e+00   1.297297e+00   1.297297e+00
2.242242e-01   1.150830e+00   1.150830e+00   1.345345e+00   1.345345e+00
2.322322e-01   1.161795e+00   1.161795e+00   1.393393e+00   1.393393e+00
2.402402e-01   1.173146e+00   1.173146e+00   1.441441e+00   1.441441e+00
2.482482e-01   1.184882e+00   1.184882e+00   1.489489e+00   1.489489e+00
2.562563e-01   1.197002e+00   1.197002e+00   1.537538e+00   1.537538e+00
2.642643e-01   1.209507e+00   1.209507e+00   1.585586e+00   1.585586e+00
2.722723e-01   1.222397e+00   1.222397e+00   1.633634e+00   1.633634e+00
2.802803e-01   1.235671e+00   1.235671e+00   1.681682e+00   1.681682e+00
2.882883e-01   1.249330e+00   1.249330e+00   1.729730e+00   1.729730e+00
2.962963e-01   1.263374e+00   1.263374e+00   1.777778e+00   1.777778e+00
3.043043e-01   1.277803e+00   1.277803e+00   1.825826e+00   1.825826e+00
3.123123e-01   1.292617e+00   1.292617e+00   1.873874e+00   1.873874e+00
3.203203e-01   1.307815e+00   1.307815e+00   1.921922e+00   1.921922e+00
3.283283e-01   1.323398e+00   1.323398e+00   1.969970e+00   1.969970e+00
3.363363e-01   1.339366e+00   1.339366e+00   2.018018e+00   2.018018e+00
3.443443e-01   1.355719e+00   1.355719e+00   2.066066e+00   2.066066e+00
3.523524e-01   1.372457e+00   1.372457e+00   2.114114e+00   2.114114e+00
3.603604e-01   1.389579e+00   1.389579e+00   2.162162e+00   2.162162e+00
3.683684e-01   1.407086e+00   1.407086e+00   2.210210e+00   2.210210e+00
3.763764e-01   1.424978e+00   1.424978e+00   2.258258e+00   2.258258e+00
3.843844e-01   1.443254e+00   1.443254e+00   2.306306e+00   2.306306e+00
3.923924e-01   1.461915e+00   1.461915e+00   2.354354e+00   2.354354e+00
4.004004e-01   1.480961e+00   1.480961e+00   2.402402e+00   2.402402e+00
4.084084e-01   1.500392e+00   1.500392e+00   2.450450e+00   2.450450e+00
4.164164e-01   1.520208e+00   1.520208e+00   2.498498e+00   2.498498e+00
4.244244e-01   1.540408e+00   1.540408e+00   2.546547e+00   2.546547e+00
4.324324e-01   1.560993e+00   1.560993e+00   2.594595e+00   2.594595e+00
4.404404e-01   1.581963e+00   1.581963e+00   2.642643e+00   2.642643e+00
4.484484e-01   1.603318e+00   1.603318e+00   2.690691e+00   2.690691e+00
4.564565e-01   1.625057e+00   1.625057e+00   2.738739e+00   2.738739e+00
4.644645e-01   1.647182e+00   1.647182e+00   2.786787e+00   2.786787e+00
4.724725e-01   1.669691e+00   1.669691e+00   2.834835e+00   2.834835e+00
4.804805e-01   1.692584e+00   1.692584e+00   2.882883e+00   2.882883e+00
4.884885e-01   1.715863e+00   1.715863e+00   2.930931e+00   2.930931e+00
4.964965e-01   1.739526e+00   1.739526e+00   2.978979e+00   2.978979e+00
5.045045e-01   1.763574e+00   1.763574e+00   3.027027e+00   3.027027e+00
5.125125e-01   1.788007e+00   1.788007e+00   3.075075e+00   3.075075e+00
5.205205e-01   1.812825e+00   1.812825e+00   3.123123e+00   3.123123e+00
5.285285e-01   1.838027e+00   1.838027e+00   3.171171e+00   3.171171e+00
5.365365e-01   1.863614e+00   1.863614e+00   3.219219e+00   3.219219e+00
5.445445e-01   1.889586e+00   1.889586e+00   3.267267e+00   3.267267e+00
5.525526e-01   1.915943e+00   1.915943e+00   3.315315e+00   3.315315e+00
5.605606e-01   1.942684e+00   1.942684e+00   3.363363e+00   3.363363e+00
5.685686e-01   1.969811e+00   1.969811e+00   3.411411e+00   3.411411e+00
5.765766e-01   1.997322e+00   1.997322e+00   3.459459e+00   3.459459e+00
5.845846e-01   2.025217e+00   2.025217e+00   3.507508e+00   3.507508e+00
5.925926e-01   2.053498e+00   2.053498e+00   3.555556e+00   3.555556e+00
6.006006e-01   2.082163e+00   2.082163e+00   3.603604e+00   3.603604e+00
6.086086e-01   2.111213e+00   2.111213e+00   3.651652e+00   3.651652e+00
6.166166e-01   2.140648e+00   2.140648e+00   3.699700e+00   3.699700e+00
6.246246e-01   2.170468e+00   2.170468e+00   3.747748e+00   3.747748e+00
6.326326e-01   2.200672e+00   2.200672e+00   3.795796e+00   3.795796e+00
6.406406e-01   2.231261e+00   2.231261e+00   3.843844e+00   3.843844e+00
6.486486e-01   2.262235e+00   2.262235e+00   3.891892e+00   3.891892e+00
6.566567e-01   2.293594e+00   2.293594e+00   3.939940e+00   3.939940e+00
6.646647e-01   2.325337e+00   2.325337e+00   3.987988e+00   3.987988e+00
6.726727e-01   2.357466e+00   2.357466e+00   4.036036e+00   4.036036e+00
6.806807e-01   2.389979e+00   2.389979e+00   4.084084e+00   4.084084e+00
6.886887e-01   2.422876e+00   2.422876e+00   4.132132e+00   4.132132e+00
6.966967e-01   2.456159e+00   2.456159e+00   4.180180e+00   4.180180e+00
7.047047e-01   2.489826e+00   2.489826e+00   4.228228e+00   4.228228e+00
7.127127e-01   2.523878e+00   2.523878e+00   4.276276e+00   4.276276e+00
7.207207e-01   2.558315e+00   2.558315e+00   4.324324e+00   4.324324e+00
7.287287e-01   2.593137e+00   2.593137e+00   4.372372e+00   4.372372e+00
7.367367e-01   2.628343e+00   2.628343e+00   4.420420e+00   4.420420e+00
7.447447e-01   2.663934e+00   2.663934e+00   4.468468e+00   4.468468e+00
7.527528e-01   2.699910e+00   2.699910e+00   4.516517e+00   4.516517e+00
7.607608e-01   2.736271e+00   2.736271e+00   4.564565e+00   4.564565e+00
7.687688e-01   2.773016e+00   2.773016e+00   4.612613e+00   4.612613e+00
7.767768e-01   2.810146e+00   2.810146e+00   4.660661e+00   4.660661e+00
7.847848e-01   2.847661e+00   2.847661e+00   4.708709e+00   4.708709e+00
7.927928e-01   2.885561e+00   2.885561e+00   4.756757e+00   4.756757e+00
8.008008e-01   2.923846e+00   2.923846e+00   4.804805e+00   4.804805e+00
8.088088e-01   2.962515e+00   2.962515e+00   4.852853e+00   4.852853e+00
8.168168e-01   3.001569e+00   3.001569e+00   4.900901e+00   4.900901e+00
8.248248e-01   3.041008e+00   3.041008e+00   4.948949e+00   4.948949e+00
8.328328e-01   3.080832e+00   3.080832e+00   4.996997e+00   4.996997e+00
8.408408e-01   3.121040e+00   3.121040e+00   5.045045e+00   5.045045e+00
8.488488e-01   3.161633e+00   3.161633e+00   5.093093e+00   5.093093e+00
8.568569e-01   3.202611e+00   3.202611e+00   5.141141e+00   5.141141e+00
8.648649e-01   3.243974e+00   3.243974e+00   5.189189e+00   5.189189e+00
8.728729e-01   3.285721e+00   3.285721e+00   5.237237e+00   5.237237e+00
8.808809e-01   3.327853e+00   3.327853e+00   5.285285e+00   5.285285e+00
8.888889e-01   3.370370e+00   3.370370e+00   5.333333e+00   5.333333e+00
8.968969e-01   3.413272e+00   3.413272e+00   5.381381e+00   5.381381e+00
9.049049e-01   3.456559e+00   3.456559e+00   5.429429e+00   5.429429e+00
9.129129e-01   3.500230e+00   3.500230e+00   5.477477e+00   5.477477e+00
9.209209e-01   3.544286e+00   3.544286e+00   5.525526e+00   5.525526e+00
9.289289e-01   3.588727e+00   3.588727e+00   5.573574e+00   5.573574e+00
9.369369e-01   3.633552e+00   3.633552e+00   5.621622e+00   5.621622e+00
9.449449e-01   3.678763e+00   3.678763e+00   5.669670e+00   5.669670e+00
9.529530e-01   3.724358e+00   3.724358e+00   5.717718e+00   5.717718e+00
9.609610e-01   3.770338e+00   3.770338e+00   5.765766e+00   5.765766e+00
9.689690e-01   3.816703e+00   3.816703e+00   5.813814e+00   5.813814e+00
9.769770e-01   3.863452e+00   3.863452e+00   5.861862e+00   5.861862e+00
9.849850e-01   3.910586e+00   3.910586e+00   5.909910e+00   5.909910e+00
9.929930e-01   3.958105e+00   3.958105e+00   5.957958e+00   5.957958e+00
1.001001e+00   4.006009e+00   4.006009e+00   6.006006e+00   6.006006e+00
1.009009e+00   4.054298e+00   4.054298e+00   6.054054e+00   6.054054e+00
1.017017e+00   4.102971e+00   4.102971e+00   6.102102e+00   6.102102e+00
1.025025e+00   4.152029e+00   4.152029e+00   6.150150e+00   6.150150e+00
1.033033e+00   4.201472e+00   4.201472e+00   6.198198e+00   6.198198e+00
1.041041e+00   4.251299e+00   4.251299e+00   6.246246e+00   6.246246e+00
1.049049e+00   4.301512e+00   4.301512e+00   6.294294e+00   6.294294e+00
1.057057e+00   4.352109e+00   4.352109e+00   6.342342e+00   6.342342e+00
1.065065e+00   4.403091e+00   4.403091e+00   6.390390e+00   6.390390e+00
1.073073e+00   4.454457e+00   4.454457e+00   6.438438e+00   6.438438e+00
1.081081e+00   4.506209e+00   4.506209e+00   6.486486e+00   6.486486e+00
1.089089e+00   4.558345e+00   4.558345e+00   6.534535e+00   6.534535e+00
1.097097e+00   4.610866e+00   4.610866e+00   6.582583e+00   6.582583e+00
1.105105e+00   4.663772e+00   4.663772e+00   6.630631e+00   6.630631e+00
1.113113e+00   4.717062e+00   4.717062e+00   6.678679e+00   6.678679e+00
1.121121e+00   4.770738e+00   4.770738e+00   6.726727e+00   6.726727e+00
1.129129e+00   4.824798e+00   4.824798e+00   6.774775e+00   6.774775e+00
1.137137e+00   4.879243e+00   4.879243e+00   6.822823e+00   6.822823e+00
1.145145e+00   4.934072e+00   4.934072e+00   6.870871e+00   6.870871e+00
1.153153e+00   4.989287e+00   4.989287e+00   6.918919e+00   6.918919e+00
1.161161e+00   5.044886e+00   5.044886e+00   6.966967e+00   6.966967e+00
1.169169e+00   5.100870e+00   5.100870e+00   7.015015e+00   7.015015e+00
1.177177e+00   5.157238e+00   5.157238e+00   7.063063e+00   7.063063e+00
1.185185e+00   5.213992e+00   5.213992e+00   7.111111e+00   7.111111e+00
1.193193e+00   5.271130e+00   5.271130e+00   7.159159e+00   7.159159e+00
1.201201e+00   5.328653e+00   5.328653e+00   7.207207e+00   7.207207e+00
1.209209e+00   5.386561e+00   5.386561e+00   7.255255e+00   7.255255e+00
1.217217e+00   5.444853e+00   5.444853e+00   7.303303e+00   7.303303e+00
1.225225e+00   5.503531e+00   5.503531e+00   7.351351e+00   7.351351e+00
1.233233e+00   5.562593e+00   5.562593e+00   7.399399e+00   7.399399e+00
1.241241e+00   5.622039e+00   5.622039e+00   7.447447e+00   7.447447e+00
1.249249e+00   5.681871e+00   5.681871e+00   7.495495e+00   7.495495e+00
1.257257e+00   5.742087e+00   5.742087e+00   7.543544e+00   7.543544e+00
1.265265e+00   5.802689e+00   5.802689e+00   7.591592e+00   7.591592e+00
1.273273e+00   5.863674e+00   5.863674e+00   7.639640e+00   7.639640e+00
1.281281e+00   5.925045e+00   5.925045e+00   7.687688e+00   7.687688e+00
1.289289e+00   5.986801e+00   5.986801e+00   7.735736e+00   7.735736e+00
1.297297e+00   6.048941e+00   6.048941e+00   7.783784e+00   7.783784e+00
1.305305e+00   6.111466e+00   6.111466e+00   7.831832e+00   7.831832e+00
1.313313e+00   6.174376e+00   6.174376e+00   7.879880e+00   7.879880e+00
1.321321e+00   6.237670e+00   6.237670e+00   7.927928e+00   7.927928e+00
1.329329e+00   6.301349e+00   6.301349e+00   7.975976e+00   7.975976e+00
1.337337e+00   6.365413e+00   6.365413e+00   8.024024e+00   8.024024e+00
1.345345e+00   6.429862e+00   6.429862e+00   8.072072e+00   8.072072e+00
1.353353e+00   6.494696e+00   6.494696e+00   8.120120e+00   8.120120e+00
1.361361e+00   6.559914e+00   6.559914e+00   8.168168e+00   8.168168e+00
1.369369e+00   6.625517e+00   6.625517e+00   8.216216e+00   8.216216e+00
1.377377e+00   6.691505e+00   6.691505e+00   8.264264e+00   8.264264e+00
1.385385e+00   6.757878e+00   6.757878e+00   8.312312e+00   8.312312e+00
1.393393e+00   6.824635e+00   6.824635e+00   8.360360e+00   8.360360e+00
1.401401e+00   6.891778e+00   6.891778e+00   8.408408e+00   8.408408e+00
1.409409e+00   6.959305e+00   6.959305e+00   8.456456e+00   8.456456e+00
1.417417e+00   7.027216e+00   7.027216e+00   8.504505e+00   8.504505e+00
1.425425e+00   7.095513e+00   7.095513e+00   8.552553e+00   8.552553e+00
1.433433e+00   7.164194e+00   7.164194e+00   8.600601e+00   8.600601e+00
1.441441e+00   7.233260e+00   7.233260e+00   8.648649e+00   8.648649e+00
1.449449e+00   7.302711e+00   7.302711e+00   8.696697e+00   8.696697e+00
1.457457e+00   7.372547e+00   7.372547e+00   8.744745e+00   8.744745e+00
1.465465e+00   7.442767e+00   7.442767e+00   8.792793e+00   8.792793e+00
1.473473e+00   7.513372e+00   7.513372e+00   8.840841e+00   8.840841e+00
1.481481e+00   7.584362e+00   7.584362e+00   8.888889e+00   8.888889e+00
1.489489e+00   7.655737e+00   7.655737e+00   8.936937e+00   8.936937e+00
1.497497e+00   7.727496e+00   7.727496e+00   8.984985e+00   8.984985e+00
1.505506e+00   7.799640e+00   7.799640e+00   9.033033e+00   9.033033e+00
1.513514e+00   7.872169e+00   7.872169e+00   9.081081e+00   9.081081e+00
1.521522e+00   7.945083e+00   7.945083e+00   9.129129e+00   9.129129e+00
1.529530e+00   8.018382e+00   8.018382e+00   9.177177e+00   9.177177e+00
1.537538e+00   8.092065e+00   8.092065e+00   9.225225e+00   9.225225e+00
1.545546e+00   8.166133e+00   8.166133e+00   9.273273e+00   9.273273e+00
1.553554e+00   8.240586e+00   8.240586e+00   9.321321e+00   9.321321e+00
1.561562e+00   8.315424e+00   8.315424e+00   9.369369e+00   9.369369e+00
1.569570e+00   8.390646e+00   8.390646e+00   9.417417e+00   9.417417e+00
1.577578e+00   8.466253e+00   8.466253e+00   9.465465e+00   9.465465e+00
1.585586e+00   8.542245e+00   8.542245e+00   9.513514e+00   9.513514e+00
1.593594e+00   8.618622e+00   8.618622e+00   9.561562e+00   9.561562e+00
1.601602e+00   8.695383e+00   8.695383e+00   9.609610e+00   9.609610e+00
1.609610e+00   8.772529e+00   8.772529e+00   9.657658e+00   9.657658e+00
1.617618e+00   8.850060e+00   8.850060e+00   9.705706e+00   9.705706e+00
1.625626e+00   8.927976e+00   8.927976e+00   9.753754e+00   9.753754e+00
1.633634e+00   9.006277e+00   9.006277e+00   9.801802e+00   9.801802e+00
1.641642e+00   9.084962e+00   9.084962e+00   9.849850e+00   9.849850e+00
1.649650e+00   9.164032e+00   9.164032e+00   9.897898e+00   9.897898e+00
1.657658e+00   9.243487e+00   9.243487e+00   9.945946e+00   9.945946e+00
1.665666e+00   9.323326e+00   9.323326e+00   9.993994e+00   9.993994e+00
1.673674e+00   9.403551e+00   9.403551e+00   1.004204e+01   1.004204e+01
1.681682e+00   9.484160e+00   9.484160e+00   1.009009e+01   1.009009e+01
1.689690e+00   9.565154e+00   9.565154e+00   1.013814e+01   1.013814e+01
1.697698e+00   9.646532e+00   9.646532e+00   1.018619e+01   1.018619e+01
1.705706e+00   9.728296e+00   9.728296e+00   1.023423e+01   1.023423e+01
1.713714e+00   9.810444e+00   9.810444e+00   1.028228e+01   1.028228e+01
1.721722e+00   9.892977e+00   9.892977e+00   1.033033e+01   1.033033e+01
1.729730e+00   9.975895e+00   9.975895e+00   1.037838e+01   1.037838e+01
1.737738e+00   1.005920e+01   1.005920e+01   1.042643e+01   1.042643e+01
1.745746e+00   1.014288e+01   1.014288e+01   1.047447e+01   1.047447e+01
1.753754e+00   1.022696e+01   1.022696e+01   1.052252e+01   1.052252e+01
1.761762e+00   1.031141e+01   1.031141e+01   1.057057e+01   1.057057e+01
1.769770e+00   1.039626e+01   1.039626e+01   1.061862e+01   1.061862e+01
1.777778e+00   1.048148e+01   1.048148e+01   1.066667e+01   1.066667e+01
1.785786e+00   1.056709e+01   1.056709e+01   1.071471e+01   1.071471e+01
1.793794e+00   1.065309e+01   1.065309e+01   1.076276e+01   1.076276e+01
1.801802e+00   1.073947e+01   1.073947e+01   1.081081e+01   1.081081e+01
1.809810e+00   1.082623e+01   1.082623e+01   1.085886e+01   1.085886e+01
1.817818e+00   1.091338e+01   1.091338e+01   1.090691e+01   1.090691e+01
1.825826e+00   1.100092e+01   1.100092e+01   1.095495e+01   1.095495e+01
1.833834e+00   1.108884e+01   1.108884e+01   1.100300e+01   1.100300e+01
1.841842e+00   1.117714e+01   1.117714e+01   1.105105e+01   1.105105e+01
1.849850e+00   1.126583e+01   1.126583e+01   1.109910e+01   1.109910e+01
1.857858e+00   1.135491e+01   1.135491e+01   1.114715e+01   1.114715e+01
1.865866e+00   1.144437e+01   1.144437e+01   1.119520e+01   1.119520e+01
1.873874e+00   1.153421e+01   1.153421e+01   1.124324e+01   1.124324e+01
1.881882e+00   1.162444e+01   1.162444e+01   1.129129e+01   1.129129e+01
1.889890e+00   1.171505e+01   1.171505e+01   1.133934e+01   1.133934e+01
1.897898e+00   1.180605e+01   1.180605e+01   1.138739e+01   1.138739e+01
1.905906e+00   1.189743e+01   1.189743e+01   1.143544e+01   1.143544e+01
1.913914e+00   1.198920e+01   1.198920e+01   1.148348e+01   1.148348e+01
1.921922e+00   1.208135e+01   1.208135e+01   1.153153e+01   1.153153e+01
1.929930e+00   1.217389e+01   1.217389e+01   1.157958e+01   1.157958e+01
1.937938e+00   1.226681e+01   1.226681e+01   1.162763e+01   1.162763e+01
1.945946e+00   1.236012e+01   1.236012e+01   1.167568e+01   1.167568e+01
1.953954e+00   1.245381e+01   1.245381e+01   1.172372e+01   1.172372e+01
1.961962e+00   1.254788e+01   1.254788e+01   1.177177e+01   1.177177e+01
1.969970e+00   1.264235e+01   1.264235e+01   1.181982e+01   1.181982e+01
1.977978e+00   1.273719e+01   1.273719e+01   1.186787e+01   1.186787e+01
1.985986e+00   1.283242e+01   1.283242e+01   1.191592e+01   1.191592e+01
1.993994e+00   1.292804e+01   1.292804e+01   1.196396e+01   1.196396e+01
2.002002e+00   1.302404e+01   1.302404e+01   1.201201e+01   1.201201e+01
2.010010e+00   1.312042e+01   1.312042e+01   1.206006e+01   1.206006e+01
2.018018e+00   1.321719e+01   1.321719e+01   1.210811e+01   1.210811e+01
2.026026e+00   1.331434e+01   1.331434e+01   1.215616e+01   1.215616e+01
2.034034e+00   1.341188e+01   1.341188e+01   1.220420e+01   1.220420e+01
2.042042e+00   1.350981e+01   1.350981e+01   1.225225e+01   1.225225e+01
2.050050e+00   1.360812e+01   1.360812e+01   1.230030e+01   1.230030e+01
2.058058e+00   1.370681e+01   1.370681e+01   1.234835e+01   1.234835e+01
2.066066e+00   1.380589e+01   1.380589e+01   1.239640e+01   1.239640e+01
2.074074e+00   1.390535e+01   1.390535e+01   1.244444e+01   1.244444e+01
2.082082e+00   1.400520e+01   1.400520e+01   1.249249e+01   1.249249e+01
2.090090e+00   1.410543e+01   1.410543e+01   1.254054e+01   1.254054e+01
2.098098e+00   1.420605e+01   1.420605e+01   1.258859e+01   1.258859e+01
2.106106e+00   1.430705e+01   1.430705e+01   1.263664e+01   1.263664e+01
2.114114e+00   1.440844e+01   1.440844e+01   1.268468e+01   1.268468e+01
2.122122e+00   1.451021e+01   1.451021e+01   1.273273e+01   1.273273e+01
2.130130e+00   1.461236e+01   1.461236e+01   1.278078e+01   1.278078e+01
2.138138e+00   1.471490e+01   1.471490e+01   1.282883e+01   1.282883e+01
2.146146e+00   1.481783e+01   1.481783e+01   1.287688e+01   1.287688e+01
2.154154e+00   1.492114e+01   1.492114e+01   1.292492e+01   1.292492e+01
2.162162e+00   1.502484e+01   1.502484e+01   1.297297e+01   1.297297e+01
2.170170e+00   1.512892e+01   1.512892e+01   1.302102e+01   1.302102e+01
2.178178e+00   1.523338e+01   1.523338e+01   1.306907e+01   1.306907e+01
2.186186e+00   1.533823e+01   1.533823e+01   1.311712e+01   1.311712e+01
2.194194e+00   1.544346e+01   1.544346e+01   1.316517e+01   1.316517e+01
2.202202e+00   1.554908e+01   1.554908e+01   1.321321e+01   1.321321e+01
2.210210e+00   1.565509e+01   1.565509e+01   1.326126e+01   1.326126e+01
2.218218e+00   1.576148e+01   1.576148e+01   1.330931e+01   1.330931e+01
2.226226e+00   1.586825e+01   1.586825e+01   1.335736e+01   1.335736e+01
2.234234e+00   1.597541e+01   1.597541e+01   1.340541e+01   1.340541e+01
2.242242e+00   1.608295e+01   1.608295e+01   1.345345e+01   1.345345e+01
2.250250e+00   1.619088e+01   1.619088e+01   1.350150e+01   1.350150e+01
2.258258e+00   1.629919e+01   1.629919e+01   1.354955e+01   1.354955e+01
2.266266e+00   1.640789e+01   1.640789e+01   1.359760e+01   1.359760e+01
2.274274e+00   1.651697e+01   1.651697e+01   1.364565e+01   1.364565e+01
2.282282e+00   1.662644e+01   1.662644e+01   1.369369e+01   1.369369e+01
2.290290e+00   1.673629e+01   1.673629e+01   1.374174e+01   1.374174e+01
2.298298e+00   1.684653e+01   1.684653e+01   1.378979e+01   1.378979e+01
2.306306e+00   1.695715e+01   1.695715e+01   1.383784e+01   1.383784e+01
2.314314e+00   1.706815e+01   1.706815e+01   1.388589e+01   1.388589e+01
2.322322e+00   1.717954e+01   1.717954e+01   1.393393e+01   1.393393e+01
2.330330e+00   1.729132e+01   1.729132e+01   1.398198e+01   1.398198e+01
2.338338e+00   1.740348e+01   1.740348e+01   1.403003e+01   1.403003e+01
2.346346e+00   1.751602e+01   1.751602e+01   1.407808e+01   1.407808e+01
2.354354e+00   1.762895e+01   1.762895e+01   1.412613e+01   1.412613e+01
2.362362e+00   1.774227e+01   1.774227e+01   1.417417e+01   1.417417e+01
2.370370e+00   1.785597e+01   1.785597e+01   1.422222e+01   1.422222e+01
2.378378e+00   1.797005e+01   1.797005e+01   1.427027e+01   1.427027e+01
2.386386e+00   1.808452e+01   1.808452e+01   1.431832e+01   1.431832e+01
2.394394e+00   1.819937e+01   1.819937e+01   1.436637e+01   1.436637e+01
2.402402e+00   1.831461e+01   1.831461e+01   1.441441e+01   1.441441e+01
2.410410e+00   1.843024e+01   1.843024e+01   1.446246e+01   1.446246e+01
2.418418e+00   1.854624e+01   1.854624e+01   1.451051e+01   1.451051e+01
2.426426e+00   1.866264e+01   1.866264e+01   1.455856e+01   1.455856e+01
2.434434e+00   1.877941e+01   1.877941e+01   1.460661e+01   1.460661e+01
2.442442e+00   1.889658e+01   1.889658e+01   1.465465e+01   1.465465e+01
2.450450e+00   1.901412e+01   1.901412e+01   1.470270e+01   1.470270e+01
2.458458e+00   1.913205e+01   1.913205e+01   1.475075e+01   1.475075e+01
2.466466e+00   1.925037e+01   1.925037e+01   1.479880e+01   1.479880e+01
2.474474e+00   1.936907e+01   1.936907e+01   1.484685e+01   1.484685e+01
2.482482e+00   1.948816e+01   1.948816e+01   1.489489e+01   1.489489e+01
2.490490e+00   1.960763e+01   1.960763e+01   1.494294e+01   1.494294e+01
2.498498e+00   1.972748e+01   1.972748e+01   1.499099e+01   1.499099e+01
2.506507e+00   1.984772e+01   1.984772e+01   1.503904e+01   1.503904e+01
2.514515e+00   1.996835e+01   1.996835e+01   1.508709e+01   1.508709e+01
2.522523e+00   2.008936e+01   2.008936e+01   1.513514e+01   1.513514e+01
2.530531e+00   2.021075e+01   2.021075e+01   1.518318e+01   1.518318e+01
2.538539e+00   2.033253e+01   2.033253e+01   1.523123e+01   1.523123e+01
2.546547e+00   2.045470e+01   2.045470e+01   1.527928e+01   1.527928e+01
2.554555e+00   2.057725e+01   2.057725e+01   1.532733e+01   1.532733e+01
2.562563e+00   2.070018e+01   2.070018e+01   1.537538e+01   1.537538e+01
2.570571e+00   2.082350e+01   2.082350e+01   1.542342e+01   1.542342e+01
2.578579e+00   2.094720e+01   2.094720e+01   1.547147e+01   1.547147e+01
2.586587e+00   2.107129e+01   2.107129e+01   1.551952e+01   1.551952e+01
2.594595e+00   2.119576e+01   2.119576e+01   1.556757e+01   1.556757e+01
2.602603e+00   2.132062e+01   2.132062e+01   1.561562e+01   1.561562e+01
2.610611e+00   2.144586e+01   2.144586e+01   1.566366e+01   1.566366e+01
2.618619e+00   2.157149e+01   2.157149e+01   1.571171e+01   1.571171e+01
2.626627e+00   2.169750e+01   2.169750e+01   1.575976e+01   1.575976e+01
2.634635e+00   2.182390e+01   2.182390e+01   1.580781e+01   1.580781e+01
2.642643e+00   2.195068e+01   2.195068e+01   1.585586e+01   1.585586e+01
2.650651e+00   2.207785e+01   2.207785e+01   1.590390e+01   1.590390e+01
2.658659e+00   2.220540e+01   2.220540e+01   1.595195e+01   1.595195e+01
2.666667e+00   2.233333e+01   2.233333e+01   1.600000e+01   1.600000e+01
2.674675e+00   2.246165e+01   2.246165e+01   1.604805e+01   1.604805e+01
2.682683e+00   2.259036e+01   2.259036e+01   1.609610e+01   1.609610e+01
2.690691e+00   2.271945e+01   2.271945e+01   1.614414e+01   1.614414e+01
2.698699e+00   2.284892e+01   2.284892e+01   1.619219e+01   1.619219e+01
2.706707e+00   2.297878e+01   2.297878e+01   1.624024e+01   1.624024e+01
2.714715e+00   2.310903e+01   2.310903e+01   1.628829e+01   1.628829e+01
2.722723e+00   2.323966e+01   2.323966e+01   1.633634e+01   1.633634e+01
2.730731e+00   2.337067e+01   2.337067e+01   1.638438e+01   1.638438e+01
2.738739e+00   2.350207e+01   2.350207e+01   1.643243e+01   1.643243e+01
2.746747e+00   2.363385e+01   2.363385e+01   1.648048e+01   1.648048e+01
2.754755e+00   2.376602e+01   2.376602e+01   1.652853e+01   1.652853e+01
2.762763e+00   2.389857e+01   2.389857e+01   1.657658e+01   1.657658e+01
2.770771e+00   2.403151e+01   2.403151e+01   1.662462e+01   1.662462e+01
2.778779e+00   2.416483e+01   2.416483e+01   1.667267e+01   1.667267e+01
2.786787e+00   2.429854e+01   2.429854e+01   1.672072e+01   1.672072e+01
2.794795e+00   2.443263e+01   2.443263e+01   1.676877e+01   1.676877e+01
2.802803e+00   2.456711e+01   2.456711e+01   1.681682e+01   1.681682e+01
2.810811e+00   2.470197e+01   2.470197e+01   1.686486e+01   1.686486e+01
2.818819e+00   2.483722e+01   2.483722e+01   1.691291e+01   1.691291e+01
2.826827e+00   2.497285e+01   2.497285e+01   1.696096e+01   1.696096e+01
2.834835e+00   2.510887e+01   2.510887e+01   1.700901e+01   1.700901e+01
2.842843e+00   2.524527e+01   2.524527e+01   1.705706e+01   1.705706e+01
2.850851e+00   2.538205e+01   2.538205e+01   1.710511e+01   1.710511e+01
2.858859e+00   2.551922e+01   2.551922e+01   1.715315e+01   1.715315e+01
2.866867e+00   2.565678e+01   2.565678e+01   1.720120e+01   1.720120e+01
2.874875e+00   2.579472e+01   2.579472e+01   1.724925e+01   1.724925e+01
2.882883e+00   2.593304e+01   2.593304e+01   1.729730e+01   1.729730e+01
2.890891e+00   2.607175e+01   2.607175e+01   1.734535e+01   1.734535e+01
2.898899e+00   2.621084e+01   2.621084e+01   1.739339e+01   1.739339e+01
2.906907e+00   2.635032e+01   2.635032e+01   1.744144e+01   1.744144e+01
2.914915e+00   2.649019e+01   2.649019e+01   1.748949e+01   1.748949e+01
2.922923e+00   2.663044e+01   2.663044e+01   1.753754e+01   1.753754e+01
2.930931e+00   2.677107e+01   2.677107e+01   1.758559e+01   1.758559e+01
2.938939e+00   2.691209e+01   2.691209e+01   1.763363e+01   1.763363e+01
2.946947e+00   2.705349e+01   2.705349e+01   1.768168e+01   1.768168e+01
2.954955e+00   2.719528e+01   2.719528e+01   1.772973e+01   1.772973e+01
2.962963e+00   2.733745e+01   2.733745e+01   1.777778e+01   1.777778e+01
2.970971e+00   2.748001e+01   2.748001e+01   1.782583e+01   1.782583e+01
2.978979e+00   2.762295e+01   2.762295e+01   1.787387e+01   1.787387e+01
2.986987e+00   2.776627e+01   2.776627e+01   1.792192e+01   1.792192e+01
2.994995e+00   2.790999e+01   2.790999e+01   1.796997e+01   1.796997e+01
3.003003e+00   2.805408e+01   2.805408e+01   1.801802e+01   1.801802e+01
3.011011e+00   2.819856e+01   2.819856e+01   1.806607e+01   1.806607e+01
3.019019e+00   2.834343e+01   2.834343e+01   1.811411e+01   1.811411e+01
3.027027e+00   2.848868e+01   2.848868e+01   1.816216e+01   1.816216e+01
3.035035e+00   2.863431e+01   2.863431e+01   1.821021e+01   1.821021e+01
3.043043e+00   2.878033e+01   2.878033e+01   1.825826e+01   1.825826e+01
3.051051e+00   2.892674e+01   2.892674e+01   1.830631e+01   1.830631e+01
3.059059e+00   2.907353e+01   2.907353e+01   1.835435e+01   1.835435e+01
3.067067e+00   2.922070e+01   2.922070e+01   1.840240e+01   1.840240e+01
3.075075e+00   2.936826e+01   2.936826e+01   1.845045e+01   1.845045e+01
3.083083e+00   2.951620e+01   2.951620e+01   1.849850e+01   1.849850e+01
3.091091e+00   2.966453e+01   2.966453e+01   1.854655e+01   1.854655e+01
3.099099e+00   2.981325e+01   2.981325e+01   1.859459e+01   1.859459e+01
3.107107e+00   2.996234e+01   2.996234e+01   1.864264e+01   1.864264e+01
3.115115e+00   3.011183e+01   3.011183e+01   1.869069e+01   1.869069e+01
3.123123e+00   3.026169e+01   3.026169e+01   1.873874e+01   1.873874e+01
3.131131e+00   3.041195e+01   3.041195e+01   1.878679e+01   1.878679e+01
3.139139e+00   3.056258e+01   3.056258e+01   1.883483e+01   1.883483e+01
3.147147e+00   3.071361e+01   3.071361e+01   1.888288e+01   1.888288e+01
3.155155e+00   3.086501e+01   3.086501e+01   1.893093e+01   1.893093e+01
3.163163e+00   3.101680e+01   3.101680e+01   1.897898e+01   1.897898e+01
3.171171e+00   3.116898e+01   3.116898e+01   1.902703e+01   1.902703e+01
3.179179e+00   3.132154e+01   3.132154e+01   1.907508e+01   1.907508e+01
3.187187e+00   3.147449e+01   3.147449e+01   1.912312e+01   1.912312e+01
3.195195e+00   3.162782e+01   3.162782e+01   1.917117e+01   1.917117e+01
3.203203e+00   3.178153e+01   3.178153e+01   1.921922e+01   1.921922e+01
3.211211e+00   3.193563e+01   3.193563e+01   1.926727e+01   1.926727e+01
3.219219e+00   3.209012e+01   3.209012e+01   1.931532e+01   1.931532e+01
3.227227e+00   3.224499e+01   3.224499e+01   1.936336e+01   1.936336e+01
3.235235e+00   3.240024e+01   3.240024e+01   1.941141e+01   1.941141e+01
3.243243e+00   3.255588e+01   3.255588e+01   1.945946e+01   1.945946e+01
3.251251e+00   3.271190e+01   3.271190e+01   1.950751e+01   1.950751e+01
3.259259e+00   3.286831e+01   3.286831e+01   1.955556e+01   1.955556e+01
3.267267e+00   3.302511e+01   3.302511e+01   1.960360e+01   1.960360e+01
3.275275e+00   3.318228e+01   3.318228e+01   1.965165e+01   1.965165e+01
3.283283e+00   3.333985e+01   3.333985e+01   1.969970e+01   1.969970e+01
3.291291e+00   3.349780e+01   3.349780e+01   1.974775e+01   1.974775e+01
3.299299e+00   3.365613e+01   3.365613e+01   1.979580e+01   1.979580e+01
3.307307e+00   3.381484e+01   3.381484e+01   1.984384e+01   1.984384e+01
3.315315e+00   3.397395e+01   3.397395e+01   1.989189e+01   1.989189e+01
3.323323e+00   3.413343e+01   3.413343e+01   1.993994e+01   1.993994e+01
3.331331e+00   3.429331e+01   3.429331e+01   1.998799e+01   1.998799e+01
3.339339e+00   3.445356e+01   3.445356e+01   2.003604e+01   2.003604e+01
3.347347e+00   3.461420e+01   3.461420e+01   2.008408e+01   2.008408e+01
3.355355e+00   3.477523e+01   3.477523e+01   2.013213e+01   2.013213e+01
3.363363e+00   3.493664e+01   3.493664e+01   2.018018e+01   2.018018e+01
3.371371e+00   3.509843e+01   3.509843e+01   2.022823e+01   2.022823e+01
3.379379e+00   3.526061e+01   3.526061e+01   2.027628e+01   2.027628e+01
3.387387e+00   3.542318e+01   3.542318e+01   2.032432e+01   2.032432e+01
3.395395e+00   3.558613e+01   3.558613e+01   2.037237e+01   2.037237e+01
3.403403e+00   3.574946e+01   3.574946e+01   2.042042e+01   2.042042e+01
3.411411e+00   3.591318e+01   3.591318e+01   2.046847e+01   2.046847e+01
3.419419e+00   3.607729e+01   3.607729e+01   2.051652e+01   2.051652e+01
3.427427e+00   3.624178e+01   3.624178e+01   2.056456e+01   2.056456e+01
3.435435e+00   3.640665e+01   3.640665e+01   2.061261e+01   2.061261e+01
3.443443e+00   3.657191e+01   3.657191e+01   2.066066e+01   2.066066e+01
3.451451e+00   3.673755e+01   3.673755e+01   2.070871e+01   2.070871e+01
3.459459e+00   3.690358e+01   3.690358e+01   2.075676e+01   2.075676e+01
3.467467e+00   3.706999e+01   3.706999e+01   2.080480e+01   2.080480e+01
3.475475e+00   3.723679e+01   3.723679e+01   2.085285e+01   2.085285e+01
3.483483e+00   3.740397e+01   3.740397e+01   2.090090e+01   2.090090e+01
3.491491e+00   3.757154e+01   3.757154e+01   2.094895e+01   2.094895e+01
3.499499e+00   3.773949e+01   3.773949e+01   2.099700e+01   2.099700e+01
3.507508e+00   3.790783e+01   3.790783e+01   2.104505e+01   2.104505e+01
3.515516e+00   3.807655e+01   3.807655e+01   2.109309e+01   2.109309e+01
3.523524e+00   3.824565e+01   3.824565e+01   2.114114e+01   2.114114e+01
3.531532e+00   3.841514e+01   3.841514e+01   2.118919e+01   2.118919e+01
3.539540e+00   3.858502e+01   3.858502e+01   2.123724e+01   2.123724e+01
3.547548e+00   3.875528e+01   3.875528e+01   2.128529e+01   2.128529e+01
3.555556e+00   3.892593e+01   3.892593e+01   2.133333e+01   2.133333e+01
3.563564e+00   3.909696e+01   3.909696e+01   2.138138e+01   2.138138e+01
3.571572e+00   3.926837e+01   3.926837e+01   2.142943e+01   2.142943e+01
3.579580e+00   3.944017e+01   3.944017e+01   2.147748e+01   2.147748e+01
3.587588e+00   3.961235e+01   3.961235e+01   2.152553e+01   2.152553e+01
3.595596e+00   3.978492e+01   3.978492e+01   2.157357e+01   2.157357e+01
3.603604e+00   3.995788e+01   3.995788e+01   2.162162e+01   2.162162e+01
3.611612e+00   4.013122e+01   4.013122e+01   2.166967e+01   2.166967e+01
3.619620e+00   4.030494e+01   4.030494e+01   2.171772e+01   2.171772e+01
3.627628e+00   4.047905e+01   4.047905e+01   2.176577e+01   2.176577e+01
3.635636e+00   4.065354e+01   4.065354e+01   2.181381e+01   2.181381e+01
3.643644e+00   4.082842e+01   4.082842e+01   2.186186e+01   2.186186e+01
3.651652e+00   4.100368e+01   4.100368e+01   2.190991e+01   2.190991e+01
3.659660e+00   4.117933e+01   4.117933e+01   2.195796e+01   2.195796e+01
3.667668e+00   4.135536e+01   4.135536e+01   2.200601e+01   2.200601e+01
3.675676e+00   4.153178e+01   4.153178e+01   2.205405e+01   2.205405e+01
3.683684e+00   4.170858e+01   4.170858e+01   2.210210e+01   2.210210e+01
3.691692e+00   4.188576e+01   4.188576e+01   2.215015e+01   2.215015e+01
3.699700e+00   4.206333e+01   4.206333e+01   2.219820e+01   2.219820e+01
3.707708e+00   4.224129e+01   4.224129e+01   2.224625e+01   2.224625e+01
3.715716e+00   4.241963e+01   4.241963e+01   2.229429e+01   2.229429e+01
3.723724e+00   4.259836e+01   4.259836e+01   2.234234e+01   2.234234e+01
3.731732e+00   4.277747e+01   4.277747e+01   2.239039e+01   2.239039e+01
3.739740e+00   4.295696e+01   4.295696e+01   2.243844e+01   2.243844e+01
3.747748e+00   4.313684e+01   4.313684e+01   2.248649e+01   2.248649e+01
3.755756e+00   4.331710e+01   4.331710e+01   2.253453e+01   2.253453e+01
3.763764e+00   4.349775e+01   4.349775e+01   2.258258e+01   2.258258e+01
3.771772e+00   4.367879e+01   4.367879e+01   2.263063e+01   2.263063e+01
3.779780e+00   4.386021e+01   4.386021e+01   2.267868e+01   2.267868e+01
3.787788e+00   4.404201e+01   4.404201e+01   2.272673e+01   2.272673e+01
3.795796e+00   4.422420e+01   4.422420e+01   2.277477e+01   2.277477e+01
3.803804e+00   4.440677e+01   4.440677e+01   2.282282e+01   2.282282e+01
3.811812e+00   4.458973e+01   4.458973e+01   2.287087e+01   2.287087e+01
3.819820e+00   4.477307e+01   4.477307e+01   2.291892e+01   2.291892e+01
3.827828e+00   4.495680e+01   4.495680e+01   2.296697e+01   2.296697e+01
3.835836e+00   4.514091e+01   4.514091e+01   2.301502e+01   2.301502e+01
3.843844e+00   4.532541e+01   4.532541e+01   2.306306e+01   2.306306e+01
3.851852e+00   4.551029e+01   4.551029e+01   2.311111e+01   2.311111e+01
3.859860e+00   4.569555e+01   4.569555e+01   2.315916e+01   2.315916e+01
3.867868e+00   4.588121e+01   4.588121e+01   2.320721e+01   2.320721e+01
3.875876e+00   4.606724e+01   4.606724e+01   2.325526e+01   2.325526e+01
3.883884e+00   4.625366e+01   4.625366e+01   2.330330e+01   2.330330e+01
3.891892e+00   4.644047e+01   4.644047e+01   2.335135e+01   2.335135e+01
3.899900e+00   4.662766e+01   4.662766e+01   2.339940e+01   2.339940e+01
3.907908e+00   4.681523e+01   4.681523e+01   2.344745e+01   2.344745e+01
3.915916e+00   4.700319e+01   4.700319e+01   2.349550e+01   2.349550e+01
3.923924e+00   4.719154e+01   4.719154e+01   2.354354e+01   2.354354e+01
3.931932e+00   4.738027e+01   4.738027e+01   2.359159e+01   2.359159e+01
3.939940e+00   4.756938e+01   4.756938e+01   2.363964e+01   2.363964e+01
3.947948e+00   4.775888e+01   4.775888e+01   2.368769e+01   2.368769e+01
3.955956e+00   4.794876e+01   4.794876e+01   2.373574e+01   2.373574e+01
3.963964e+00   4.813903e+01   4.813903e+01   2.378378e+01   2.378378e+01
3.971972e+00   4.832968e+01   4.832968e+01   2.383183e+01   2.383183e+01
3.979980e+00   4.852072e+01   4.852072e+01   2.387988e+01   2.387988e+01
3.987988e+00   4.871214e+01   4.871214e+01   2.392793e+01   2.392793e+01
3.995996e+00   4.890395e+01   4.890395e+01   2.397598e+01   2.397598e+01
4.004004e+00   4.909614e+01   4.909614e+01   2.402402e+01   2.402402e+01
4.012012e+00   4.928872e+01   4.928872e+01   2.407207e+01   2.407207e+01
4.020020e+00   4.948168e+01   4.948168e+01   2.412012e+01   2.412012e+01
4.028028e+00   4.967503e+01   4.967503e+01   2.416817e+01   2.416817e+01
4.036036e+00   4.986876e+01   4.986876e+01   2.421622e+01   2.421622e+01
4.044044e+00   5.006288e+01   5.006288e+01   2.426426e+01   2.426426e+01
4.052052e+00   5.025738e+01   5.025738e+01   2.431231e+01   2.431231e+01
4.060060e+00   5.045226e+01   5.045226e+01   2.436036e+01   2.436036e+01
4.068068e+00   5.064753e+01   5.064753e+01   2.440841e+01   2.440841e+01
4.076076e+00   5.084319e+01   5.084319e+01   2.445646e+01   2.445646e+01
4.084084e+00   5.103923e+01   5.103923e+01   2.450450e+01   2.450450e+01
4.092092e+00   5.123565e+01   5.123565e+01   2.455255e+01   2.455255e+01
4.100100e+00   5.143246e+01   5.143246e+01   2.460060e+01   2.460060e+01
4.108108e+00   5.162966e+01   5.162966e+01   2.464865e+01   2.464865e+01
4.116116e+00   5.182724e+01   5.182724e+01   2.469670e+01   2.469670e+01
4.124124e+00   5.202520e+01   5.202520e+01   2.474474e+01   2.474474e+01
4.132132e+00   5.222355e+01   5.222355e+01   2.479279e+01   2.479279e+01
4.140140e+00   5.242228e+01   5.242228e+01   2.484084e+01   2.484084e+01
4.148148e+00   5.262140e+01   5.262140e+01   2.488889e+01   2.488889e+01
4.156156e+00   5.282090e+01   5.282090e+01   2.493694e+01   2.493694e+01
4.164164e+00   5.302079e+01   5.302079e+01   2.498498e+01   2.498498e+01
4.172172e+00   5.322106e+01   5.322106e+01   2.503303e+01   2.503303e+01
4.180180e+00   5.342172e+01   5.342172e+01   2.508108e+01   2.508108e+01
4.188188e+00   5.362276e+01   5.362276e+01   2.512913e+01   2.512913e+01
4.196196e+00   5.382419e+01   5.382419e+01   2.517718e+01   2.517718e+01
4.204204e+00   5.402600e+01   5.402600e+01   2.522523e+01   2.522523e+01
4.212212e+00   5.422820e+01   5.422820e+01   2.527327e+01   2.527327e+01
4.220220e+00   5.443078e+01   5.443078e+01   2.532132e+01   2.532132e+01
4.228228e+00   5.463374e+01   5.463374e+01   2.536937e+01   2.536937e+01
4.236236e+00   5.483709e+01   5.483709e+01   2.541742e+01   2.541742e+01
4.244244e+00   5.504083e+01   5.504083e+01   2.546547e+01   2.546547e+01
4.252252e+00   5.524495e+01   5.524495e+01   2.551351e+01   2.551351e+01
4.260260e+00   5.544945e+01   5.544945e+01   2.556156e+01   2.556156e+01
4.268268e+00   5.565434e+01   5.565434e+01   2.560961e+01   2.560961e+01
4.276276e+00   5.585962e+01   5.585962e+01   2.565766e+01   2.565766e+01
4.284284e+00   5.606528e+01   5.606528e+01   2.570571e+01   2.570571e+01
4.292292e+00   5.627132e+01   5.627132e+01   2.575375e+01   2.575375e+01
4.300300e+00   5.647775e+01   5.647775e+01   2.580180e+01   2.580180e+01
4.308308e+00   5.668456e+01   5.668456e+01   2.584985e+01   2.584985e+01
4.316316e+00   5.689176e+01   5.689176e+01   2.589790e+01   2.589790e+01
4.324324e+00   5.709934e+01   5.709934e+01   2.594595e+01   2.594595e+01
4.332332e+00   5.730731e+01   5.730731e+01   2.599399e+01   2.599399e+01
4.340340e+00   5.751566e+01   5.751566e+01   2.604204e+01   2.604204e+01
4.348348e+00   5.772440e+01   5.772440e+01   2.609009e+01   2.609009e+01
4.356356e+00   5.793352e+01   5.793352e+01   2.613814e+01   2.613814e+01
4.364364e+00   5.814303e+01   5.814303e+01   2.618619e+01   2.618619e+01
4.372372e+00   5.835292e+01   5.835292e+01   2.623423e+01   2.623423e+01
4.380380e+00   5.856320e+01   5.856320e+01   2.628228e+01   2.628228e+01
4.388388e+00   5.877386e+01   5.877386e+01   2.633033e+01   2.633033e+01
4.396396e+00   5.898490e+01   5.898490e+01   2.637838e+01   2.637838e+01
4.404404e+00   5.919633e+01   5.919633e+01   2.642643e+01   2.642643e+01
4.412412e+00   5.940815e+01   5.940815e+01   2.647447e+01   2.647447e+01
4.420420e+00   5.962035e+01   5.962035e+01   2.652252e+01   2.652252e+01
4.428428e+00   5.983294e+01   5.983294e+01   2.657057e+01   2.657057e+01
4.436436e+00   6.004590e+01   6.004590e+01   2.661862e+01   2.661862e+01
4.444444e+00   6.025926e+01   6.025926e+01   2.666667e+01   2.666667e+01
4.452452e+00   6.047300e+01   6.047300e+01   2.671471e+01   2.671471e+01
4.460460e+00   6.068712e+01   6.068712e+01   2.676276e+01   2.676276e+01
4.468468e+00   6.090163e+01   6.090163e+01   2.681081e+01   2.681081e+01
4.476476e+00   6.111652e+01   6.111652e+01   2.685886e+01   2.685886e+01
4.484484e+00   6.133180e+01   6.133180e+01   2.690691e+01   2.690691e+01
4.492492e+00   6.154747e+01   6.154747e+01   2.695495e+01   2.695495e+01
4.500501e+00   6.176351e+01   6.176351e+01   2.700300e+01   2.700300e+01
4.508509e+00   6.197995e+01   6.197995e+01   2.705105e+01   2.705105e+01
4.516517e+00   6.219676e+01   6.219676e+01   2.709910e+01   2.709910e+01
4.524525e+00   6.241397e+01   6.241397e+01   2.714715e+01   2.714715e+01
4.532533e+00   6.263155e+01   6.263155e+01   2.719520e+01   2.719520e+01
4.540541e+00   6.284953e+01   6.284953e+01   2.724324e+01   2.724324e+01
4.548549e+00   6.306788e+01   6.306788e+01   2.729129e+01   2.729129e+01
4.556557e+00   6.328662e+01   6.328662e+01   2.733934e+01   2.733934e+01
4.564565e+00   6.350575e+01   6.350575e+01   2.738739e+01   2.738739e+01
4.572573e+00   6.372526e+01   6.372526e+01   2.743544e+01   2.743544e+01
4.580581e+00   6.394516e+01   6.394516e+01   2.748348e+01   2.748348e+01
4.588589e+00   6.416544e+01   6.416544e+01   2.753153e+01   2.753153e+01
4.596597e+00   6.438610e+01   6.438610e+01   2.757958e+01   2.757958e+01
4.604605e+00   6.460715e+01   6.460715e+01   2.762763e+01   2.762763e+01
4.612613e+00   6.482859e+01   6.482859e+01   2.767568e+01   2.767568e+01
4.620621e+00   6.505040e+01   6.505040e+01   2.772372e+01   2.772372e+01
4.628629e+00   6.527261e+01   6.527261e+01   2.777177e+01   2.777177e+01
4.636637e+00   6.549520e+01   6.549520e+01   2.781982e+01   2.781982e+01
4.644645e+00   6.571817e+01   6.571817e+01   2.786787e+01   2.786787e+01
4.652653e+00   6.594153e+01   6.594153e+01   2.791592e+01   2.791592e+01
4.660661e+00   6.616527e+01   6.616527e+01   2.796396e+01   2.796396e+01
4.668669e+00   6.638940e+01   6.638940e+01   2.801201e+01   2.801201e+01
4.676677e+00   6.661391e+01   6.661391e+01   2.806006e+01   2.806006e+01
4.684685e+00   6.683881e+01   6.683881e+01   2.810811e+01   2.810811e+01
4.692693e+00   6.706409e+01   6.706409e+01   2.815616e+01   2.815616e+01
4.700701e+00   6.728976e+01   6.728976e+01   2.820420e+01   2.820420e+01
4.708709e+00   6.751581e+01   6.751581e+01   2.825225e+01   2.825225e+01
4.716717e+00   6.774225e+01   6.774225e+01   2.830030e+01   2.830030e+01
4.724725e+00   6.796907e+01   6.796907e+01   2.834835e+01   2.834835e+01
4.732733e+00   6.819628e+01   6.819628e+01   2.839640e+01   2.839640e+01
4.740741e+00   6.842387e+01   6.842387e+01   2.844444e+01   2.844444e+01
4.748749e+00   6.865184e+01   6.865184e+01   2.849249e+01   2.849249e+01
4.756757e+00   6.888020e+01   6.888020e+01   2.854054e+01   2.854054e+01
4.764765e+00   6.910895e+01   6.910895e+01   2.858859e+01   2.858859e+01
4.772773e+00   6.933808e+01   6.933808e+01   2.863664e+01   2.863664e+01
4.780781e+00   6.956759e+01   6.956759e+01   2.868468e+01   2.868468e+01
4.788789e+00   6.979749e+01   6.979749e+01   2.873273e+01   2.873273e+01
4.796797e+00   7.002778e+01   7.002778e+01   2.878078e+01   2.878078e+01
4.804805e+00   7.025845e+01   7.025845e+01   2.882883e+01   2.882883e+01
4.812813e+00   7.048950e+01   7.048950e+01   2.887688e+01   2.887688e+01
4.820821e+00   7.072094e+01   7.072094e+01   2.892492e+01   2.892492e+01
4.828829e+00   7.095276e+01   7.095276e+01   2.897297e+01   2.897297e+01
4.836837e+00   7.118497e+01   7.118497e+01   2.902102e+01   2.902102e+01
4.844845e+00   7.141756e+01   7.141756e+01   2.906907e+01   2.906907e+01
4.852853e+00   7.165054e+01   7.165054e+01   2.911712e+01   2.911712e+01
4.860861e+00   7.188390e+01   7.188390e+01   2.916517e+01   2.916517e+01
4.868869e+00   7.211765e+01   7.211765e+01   2.921321e+01   2.921321e+01
4.876877e+00   7.235178e+01   7.235178e+01   2.926126e+01   2.926126e+01
4.884885e+00   7.258630e+01   7.258630e+01   2.930931e+01   2.930931e+01
4.892893e+00   7.282120e+01   7.282120e+01   2.935736e+01   2.935736e+01
4.900901e+00   7.305649e+01   7.305649e+01   2.940541e+01   2.940541e+01
4.908909e+00   7.329216e+01   7.329216e+01   2.945345e+01   2.945345e+01
4.916917e+00   7.352822e+01   7.352822e+01   2.950150e+01   2.950150e+01
4.924925e+00   7.376466e+01   7.376466e+01   2.954955e+01   2.954955e+01
4.932933e+00   7.400148e+01   7.400148e+01   2.959760e+01   2.959760e+01
4.940941e+00   7.423869e+01   7.423869e+01   2.964565e+01   2.964565e+01
4.948949e+00   7.447629e+01   7.447629e+01   2.969369e+01   2.969369e+01
4.956957e+00   7.471427e+01   7.471427e+01   2.974174e+01   2.974174e+01
4.964965e+00   7.495263e+01   7.495263e+01   2.978979e+01   2.978979e+01
4.972973e+00   7.519138e+01   7.519138e+01   2.983784e+01   2.983784e+01
4.980981e+00   7.543051e+01   7.543051e+01   2.988589e+01   2.988589e+01
4.988989e+00   7.567003e+01   7.567003e+01   2.993393e+01   2.993393e+01
4.996997e+00   7.590994e+01   7.590994e+01   2.998198e+01   2.998198e+01
5.005005e+00   7.615023e+01   7.615023e+01   3.003003e+01   3.003003e+01
5.013013e+00   7.639090e+01   7.639090e+01   3.007808e+01   3.007808e+01
5.021021e+00   7.663196e+01   7.663196e+01   3.012613e+01   3.012613e+01
5.029029e+00   7.687340e+01   7.687340e+01   3.017417e+01   3.017417e+01
5.037037e+00   7.711523e+01   7.711523e+01   3.022222e+01   3.022222e+01
5.045045e+00   7.735744e+01   7.735744e+01   3.027027e+01   3.027027e+01
5.053053e+00   7.760004e+01   7.760004e+01   3.031832e+01   3.031832e+01
5.061061e+00   7.784302e+01   7.784302e+01   3.036637e+01   3.036637e+01
5.069069e+00   7.808638e+01   7.808638e+01   3.041441e+01   3.041441e+01
5.077077e+00   7.833013e+01   7.833013e+01   3.046246e+01   3.046246e+01
5.085085e+00   7.857427e+01   7.857427e+01   3.051051e+01   3.051051e+01
5.093093e+00   7.881879e+01   7.881879e+01   3.055856e+01   3.055856e+01
5.101101e+00   7.906370e+01   7.906370e+01   3.060661e+01   3.060661e+01
5.109109e+00   7.930899e+01   7.930899e+01   3.065465e+01   3.065465e+01
5.117117e+00   7.955466e+01   7.955466e+01   3.070270e+01   3.070270e+01
5.125125e+00   7.980072e+01   7.980072e+01   3.075075e+01   3.075075e+01
5.133133e+00   8.004717e+01   8.004717e+01   3.079880e+01   3.079880e+01
5.141141e+00   8.029400e+01   8.029400e+01   3.084685e+01   3.084685e+01
5.149149e+00   8.054121e+01   8.054121e+01   3.089489e+01   3.089489e+01
5.157157e+00   8.078881e+01   8.078881e+01   3.094294e+01   3.094294e+01
5.165165e+00   8.103679e+01   8.103679e+01   3.099099e+01   3.099099e+01
5.173173e+00   8.128516e+01   8.128516e+01   3.103904e+01   3.103904e+01
5.181181e+00   8.153392e+01   8.153392e+01   3.108709e+01   3.108709e+01
5.189189e+00   8.178305e+01   8.178305e+01   3.113514e+01   3.113514e+01
5.197197e+00   8.203258e+01   8.203258e+01   3.118318e+01   3.118318e+01
5.205205e+00   8.228248e+01   8.228248e+01   3.123123e+01   3.123123e+01
5.213213e+00   8.253278e+01   8.253278e+01   3.127928e+01   3.127928e+01
5.221221e+00   8.278345e+01   8.278345e+01   3.132733e+01   3.132733e+01
5.229229e+00   8.303451e+01   8.303451e+01   3.137538e+01   3.137538e+01
5.237237e+00   8.328596e+01   8.328596e+01   3.142342e+01   3.142342e+01
5.245245e+00   8.353779e+01   8.353779e+01   3.147147e+01   3.147147e+01
5.253253e+00   8.379001e+01   8.379001e+01   3.151952e+01   3.151952e+01
5.261261e+00   8.404261e+01   8.404261e+01   3.156757e+01   3.156757e+01
5.269269e+00   8.429560e+01   8.429560e+01   3.161562e+01   3.161562e+01
5.277277e+00   8.454897e+01   8.454897e+01   3.166366e+01   3.166366e+01
5.285285e+00   8.480272e+01   8.480272e+01   3.171171e+01   3.171171e+01
5.293293e+00   8.505686e+01   8.505686e+01   3.175976e+01   3.175976e+01
5.301301e+00   8.531139e+01   8.531139e+01   3.180781e+01   3.180781e+01
5.309309e+00   8.556630e+01   8.556630e+01   3.185586e+01   3.185586e+01
5.317317e+00   8.582159e+01   8.582159e+01   3.190390e+01   3.190390e+01
5.325325e+00   8.607727e+01   8.607727e+01   3.195195e+01   3.195195e+01
5.333333e+00   8.633333e+01   8.633333e+01   3.200000e+01   3.200000e+01
5.341341e+00   8.658978e+01   8.658978e+01   3.204805e+01   3.204805e+01
5.349349e+00   8.684662e+01   8.684662e+01   3.209610e+01   3.209610e+01
5.357357e+00   8.710383e+01   8.710383e+01   3.214414e+01   3.214414e+01
5.365365e+00   8.736144e+01   8.736144e+01   3.219219e+01   3.219219e+01
5.373373e+00   8.761942e+01   8.761942e+01   3.224024e+01   3.224024e+01
5.381381e+00   8.787780e+01   8.787780e+01   3.228829e+01   3.228829e+01
5.389389e+00   8.813655e+01   8.813655e+01   3.233634e+01   3.233634e+01
5.397397e+00   8.839570e+01   8.839570e+01   3.238438e+01   3.238438e+01
5.405405e+00   8.865522e+01   8.865522e+01   3.243243e+01   3.243243e+01
5.413413e+00   8.891513e+01   8.891513e+01   3.248048e+01   3.248048e+01
5.421421e+00   8.917543e+01   8.917543e+01   3.252853e+01   3.252853e+01
5.429429e+00   8.943611e+01   8.943611e+01   3.257658e+01   3.257658e+01
5.437437e+00   8.969718e+01   8.969718e+01   3.262462e+01   3.262462e+01
5.445445e+00   8.995863e+01   8.995863e+01   3.267267e+01   3.267267e+01
5.453453e+00   9.022046e+01   9.022046e+01   3.272072e+01   3.272072e+01
5.461461e+00   9.048268e+01   9.048268e+01   3.276877e+01   3.276877e+01
5.469469e+00   9.074529e+01   9.074529e+01   3.281682e+01   3.281682e+01
5.477477e+00   9.100828e+01   9.100828e+01   3.286486e+01   3.286486e+01
5.485485e+00   9.127165e+01   9.127165e+01   3.291291e+01   3.291291e+01
5.493493e+00   9.153541e+01   9.153541e+01   3.296096e+01   3.296096e+01
5.501502e+00   9.179956e+01   9.179956e+01   3.300901e+01   3.300901e+01
5.509510e+00   9.206409e+01   9.206409e+01   3.305706e+01   3.305706e+01
5.517518e+00   9.232900e+01   9.232900e+01   3.310511e+01   3.310511e+01
5.525526e+00   9.259430e+01   9.259430e+01   3.315315e+01   3.315315e+01
5.533534e+00   9.285998e+01   9.285998e+01   3.320120e+01   3.320120e+01
5.541542e+00   9.312605e+01   9.312605e+01   3.324925e+01   3.324925e+01
5.549550e+00   9.339250e+01   9.339250e+01   3.329730e+01   3.329730e+01
5.557558e+00   9.365934e+01   9.365934e+01   3.334535e+01   3.334535e+01
5.565566e+00   9.392656e+01   9.392656e+01   3.339339e+01   3.339339e+01
5.573574e+00   9.419417e+01   9.419417e+01   3.344144e+01   3.344144e+01
5.581582e+00   9.446216e+01   9.446216e+01   3.348949e+01   3.348949e+01
5.589590e+00   9.473054e+01   9.473054e+01   3.353754e+01   3.353754e+01
5.597598e+00   9.499930e+01   9.499930e+01   3.358559e+01   3.358559e+01
5.605606e+00   9.526844e+01   9.526844e+01   3.363363e+01   3.363363e+01
5.613614e+00   9.553797e+01   9.553797e+01   3.368168e+01   3.368168e+01
5.621622e+00   9.580789e+01   9.580789e+01   3.372973e+01   3.372973e+01
5.629630e+00   9.607819e+01   9.607819e+01   3.377778e+01   3.377778e+01
5.637638e+00   9.634887e+01   9.634887e+01   3.382583e+01   3.382583e+01
5.645646e+00   9.661994e+01   9.661994e+01   3.387387e+01   3.387387e+01
5.653654e+00   9.689140e+01   9.689140e+01   3.392192e+01   3.392192e+01
5.661662e+00   9.716324e+01   9.716324e+01   3.396997e+01   3.396997e+01
5.669670e+00   9.743546e+01   9.743546e+01   3.401802e+01   3.401802e+01
5.677678e+00   9.770807e+01   9.770807e+01   3.406607e+01   3.406607e+01
5.685686e+00   9.798107e+01   9.798107e+01   3.411411e+01   3.411411e+01
5.693694e+00   9.825444e+01   9.825444e+01   3.416216e+01   3.416216e+01
5.701702e+00   9.852821e+01   9.852821e+01   3.421021e+01   3.421021e+01
5.709710e+00   9.880235e+01   9.880235e+01   3.425826e+01   3.425826e+01
5.717718e+00   9.907689e+01   9.907689e+01   3.430631e+01   3.430631e+01
5.725726e+00   9.935181e+01   9.935181e+01   3.435435e+01   3.435435e+01
5.733734e+00   9.962711e+01   9.962711e+01   3.440240e+01   3.440240e+01
5.741742e+00   9.990279e+01   9.990279e+01   3.445045e+01   3.445045e+01
5.749750e+00   1.001789e+02   1.001789e+02   3.449850e+01   3.449850e+01
5.757758e+00   1.004553e+02   1.004553e+02   3.454655e+01   3.454655e+01
5.765766e+00   1.007322e+02   1.007322e+02   3.459459e+01   3.459459e+01
5.773774e+00   1.010094e+02   1.010094e+02   3.464264e+01   3.464264e+01
5.781782e+00   1.012870e+02   1.012870e+02   3.469069e+01   3.469069e+01
5.789790e+00   1.015650e+02   1.015650e+02   3.473874e+01   3.473874e+01
5.797798e+00   1.018434e+02   1.018434e+02   3.478679e+01   3.478679e+01
5.805806e+00   1.021221e+02   1.021221e+02   3.483483e+01   3.483483e+01
5.813814e+00   1.024013e+02   1.024013e+02   3.488288e+01   3.488288e+01
5.821822e+00   1.026808e+02   1.026808e+02   3.493093e+01   3.493093e+01
5.829830e+00   1.029607e+02   1.029607e+02   3.497898e+01   3.497898e+01
5.837838e+00   1.032411e+02   1.032411e+02   3.502703e+01   3.502703e+01
5.845846e+00   1.035217e+02   1.035217e+02   3.507508e+01   3.507508e+01
5.853854e+00   1.038028e+02   1.038028e+02   3.512312e+01   3.512312e+01
5.861862e+00   1.040843e+02   1.040843e+02   3.517117e+01   3.517117e+01
5.869870e+00   1.043661e+02   1.043661e+02   3.521922e+01   3.521922e+01
5.877878e+00   1.046483e+02   1.046483e+02   3.526727e+01   3.526727e+01
5.885886e+00   1.049310e+02   1.049310e+02   3.531532e+01   3.531532e+01
5.893894e+00   1.052140e+02   1.052140e+02   3.536336e+01   3.536336e+01
5.901902e+00   1.054973e+02   1.054973e+02   3.541141e+01   3.541141e+01
5.909910e+00   1.057811e+02   1.057811e+02   3.545946e+01   3.545946e+01
5.917918e+00   1.060653e+02   1.060653e+02   3.550751e+01   3.550751e+01
5.925926e+00   1.063498e+02   1.063498e+02   3.555556e+01   3.555556e+01
5.933934e+00   1.066347e+02   1.066347e+02   3.560360e+01   3.560360e+01
5.941942e+00   1.069200e+02   1.069200e+02   3.565165e+01   3.565165e+01
5.949950e+00   1.072057e+02   1.072057e+02   3.569970e+01   3.569970e+01
5.957958e+00   1.074918e+02   1.074918e+02   3.574775e+01   3.574775e+01
5.965966e+00   1.077782e+02   1.077782e+02   3.579580e+01   3.579580e+01
5.973974e+00   1.080651e+02   1.080651e+02   3.584384e+01   3.584384e+01
5.981982e+00   1.083523e+02   1.083523e+02   3.589189e+01   3.589189e+01
5.989990e+00   1.086399e+02   1.086399e+02   3.593994e+01   3.593994e+01
5.997998e+00   1.089279e+02   1.089279e+02   3.598799e+01   3.598799e+01
6.006006e+00   1.092163e+02   1.092163e+02   3.603604e+01   3.603604e+01
6.014014e+00   1.095051e+02   1.095051e+02   3.608408e+01   3.608408e+01
6.022022e+00   1.097942e+02   1.097942e+02   3.613213e+01   3.613213e+01
6.030030e+00   1.100838e+02   1.100838e+02   3.618018e+01   3.618018e+01
6.038038e+00   1.103737e+02   1.103737e+02   3.622823e+01   3.622823e+01
6.046046e+00   1.106640e+02   1.106640e+02   3.627628e+01   3.627628e+01
6.054054e+00   1.109547e+02   1.109547e+02   3.632432e+01   3.632432e+01
6.062062e+00   1.112458e+02   1.112458e+02   3.637237e+01   3.637237e+01
6.070070e+00   1.115373e+02   1.115373e+02   3.642042e+01   3.642042e+01
6.078078e+00   1.118291e+02   1.118291e+02   3.646847e+01   3.646847e+01
6.086086e+00   1.121213e+02   1.121213e+02   3.651652e+01   3.651652e+01
6.094094e+00   1.124139e+02   1.124139e+02   3.656456e+01   3.656456e+01
6.102102e+00   1.127070e+02   1.127070e+02   3.661261e+01   3.661261e+01
6.110110e+00   1.130003e+02   1.130003e+02   3.666066e+01   3.666066e+01
6.118118e+00   1.132941e+02   1.132941e+02   3.670871e+01   3.670871e+01
6.126126e+00   1.135883e+02   1.135883e+02   3.675676e+01   3.675676e+01
6.134134e+00   1.138828e+02   1.138828e+02   3.680480e+01   3.680480e+01
6.142142e+00   1.141777e+02   1.141777e+02   3.685285e+01   3.685285e+01
6.150150e+00   1.144730e+02   1.144730e+02   3.690090e+01   3.690090e+01
6.158158e+00   1.147687e+02   1.147687e+02   3.694895e+01   3.694895e+01
6.166166e+00   1.150648e+02   1.150648e+02   3.699700e+01   3.699700e+01
6.174174e+00   1.153613e+02   1.153613e+02   3.704505e+01   3.704505e+01
6.182182e+00   1.156581e+02   1.156581e+02   3.709309e+01   3.709309e+01
6.190190e+00   1.159554e+02   1.159554e+02   3.714114e+01   3.714114e+01
6.198198e+00   1.162530e+02   1.162530e+02   3.718919e+01   3.718919e+01
6.206206e+00   1.165510e+02   1.165510e+02   3.723724e+01   3.723724e+01
6.214214e+00   1.168494e+02   1.168494e+02   3.728529e+01   3.728529e+01
6.222222e+00   1.171481e+02   1.171481e+02   3.733333e+01   3.733333e+01
6.230230e+00   1.174473e+02   1.174473e+02   3.738138e+01   3.738138e+01
6.238238e+00   1.177468e+02   1.177468e+02   3.742943e+01   3.742943e+01
6.246246e+00   1.180468e+02   1.180468e+02   3.747748e+01   3.747748e+01
6.254254e+00   1.183471e+02   1.183471e+02   3.752553e+01   3.752553e+01
6.262262e+00   1.186478e+02   1.186478e+02   3.757357e+01   3.757357e+01
6.270270e+00   1.189489e+02   1.189489e+02   3.762162e+01   3.762162e+01
6.278278e+00   1.192503e+02   1.192503e+02   3.766967e+01   3.766967e+01
6.286286e+00   1.195522e+02   1.195522e+02   3.771772e+01   3.771772e+01
6.294294e+00   1.198544e+02   1.198544e+02   3.776577e+01   3.776577e+01
6.302302e+00   1.201570e+02   1.201570e+02   3.781381e+01   3.781381e+01
6.310310e+00   1.204600e+02   1.204600e+02   3.786186e+01   3.786186e+01
6.318318e+00   1.207634e+02   1.207634e+02   3.790991e+01   3.790991e+01
6.326326e+00   1.210672e+02   1.210672e+02   3.795796e+01   3.795796e+01
6.334334e+00   1.213714e+02   1.213714e+02   3.800601e+01   3.800601e+01
6.342342e+00   1.216759e+02   1.216759e+02   3.805405e+01   3.805405e+01
6.350350e+00   1.219808e+02   1.219808e+02   3.810210e+01   3.810210e+01
6.358358e+00   1.222862e+02   1.222862e+02   3.815015e+01   3.815015e+01
6.366366e+00   1.225919e+02   1.225919e+02   3.819820e+01   3.819820e+01
6.374374e+00   1.228979e+02   1.228979e+02   3.824625e+01   3.824625e+01
6.382382e+00   1.232044e+02   1.232044e+02   3.829429e+01   3.829429e+01
6.390390e+00   1.235113e+02   1.235113e+02   3.834234e+01   3.834234e+01
6.398398e+00   1.238185e+02   1.238185e+02   3.839039e+01   3.839039e+01
6.406406e+00   1.241261e+02   1.241261e+02   3.843844e+01   3.843844e+01
6.414414e+00   1.244341e+02   1.244341e+02   3.848649e+01   3.848649e+01
6.422422e+00   1.247425e+02   1.247425e+02   3.853453e+01   3.853453e+01
6.430430e+00   1.250513e+02   1.250513e+02   3.858258e+01   3.858258e+01
6.438438e+00   1.253605e+02   1.253605e+02   3.863063e+01   3.863063e+01
6.446446e+00   1.256700e+02   1.256700e+02   3.867868e+01   3.867868e+01
6.454454e+00   1.259799e+02   1.259799e+02   3.872673e+01   3.872673e+01
6.462462e+00   1.262903e+02   1.262903e+02   3.877477e+01   3.877477e+01
6.470470e+00   1.266010e+02   1.266010e+02   3.882282e+01   3.882282e+01
6.478478e+00   1.269121e+02   1.269121e+02   3.887087e+01   3.887087e+01
6.486486e+00   1.272235e+02   1.272235e+02   3.891892e+01   3.891892e+01
6.494494e+00   1.275354e+02   1.275354e+02   3.896697e+01   3.896697e+01
6.502503e+00   1.278476e+02   1.278476e+02   3.901502e+01   3.901502e+01
6.510511e+00   1.281602e+02   1.281602e+02   3.906306e+01   3.906306e+01
6.518519e+00   1.284733e+02   1.284733e+02   3.911111e+01   3.911111e+01
6.526527e+00   1.287866e+02   1.287866e+02   3.915916e+01   3.915916e+01
6.534535e+00   1.291004e+02   1.291004e+02   3.920721e+01   3.920721e+01
6.542543e+00   1.294146e+02   1.294146e+02   3.925526e+01   3.925526e+01
6.550551e+00   1.297291e+02   1.297291e+02   3.930330e+01   3.930330e+01
6.558559e+00   1.300441e+02   1.300441e+02   3.935135e+01   3.935135e+01
6.566567e+00   1.303594e+02   1.303594e+02   3.939940e+01   3.939940e+01
6.574575e+00   1.306751e+02   1.306751e+02   3.944745e+01   3.944745e+01
6.582583e+00   1.309912e+02   1.309912e+02   3.949550e+01   3.949550e+01
6.590591e+00   1.313077e+02   1.313077e+02   3.954354e+01   3.954354e+01
6.598599e+00   1.316245e+02   1.316245e+02   3.959159e+01   3.959159e+01
6.606607e+00   1.319418e+02   1.319418e+02   3.963964e+01   3.963964e+01
6.614615e+00   1.322594e+02   1.322594e+02   3.968769e+01   3.968769e+01
6.622623e+00   1.325774e+02   1.325774e+02   3.973574e+01   3.973574e+01
6.630631e+00   1.328958e+02   1.328958e+02   3.978378e+01   3.978378e+01
6.638639e+00   1.332146e+02   1.332146e+02   3.983183e+01   3.983183e+01
6.646647e+00   1.335337e+02   1.335337e+02   3.987988e+01   3.987988e+01
6.654655e+00   1.338533e+02   1.338533e+02   3.992793e+01   3.992793e+01
6.662663e+00   1.341732e+02   1.341732e+02   3.997598e+01   3.997598e+01
6.670671e+00   1.344935e+02   1.344935e+02   4.002402e+01   4.002402e+01
6.678679e+00   1.348142e+02   1.348142e+02   4.007207e+01   4.007207e+01
6.686687e+00   1.351353e+02   1.351353e+02   4.012012e+01   4.012012e+01
6.694695e+00   1.354568e+02   1.354568e+02   4.016817e+01   4.016817e+01
6.702703e+00   1.357787e+02   1.357787e+02   4.021622e+01   4.021622e+01
6.710711e+00   1.361009e+02   1.361009e+02   4.026426e+01   4.026426e+01
6.718719e+00   1.364235e+02   1.364235e+02   4.031231e+01   4.031231e+01
6.726727e+00   1.367466e+02   1.367466e+02   4.036036e+01   4.036036e+01
6.734735e+00   1.370700e+02   1.370700e+02   4.040841e+01   4.040841e+01
6.742743e+00   1.373937e+02   1.373937e+02   4.045646e+01   4.045646e+01
6.750751e+00   1.377179e+02   1.377179e+02   4.050450e+01   4.050450e+01
6.758759e+00   1.380425e+02   1.380425e+02   4.055255e+01   4.055255e+01
6.766767e+00   1.383674e+02   1.383674e+02   4.060060e+01   4.060060e+01
6.774775e+00   1.386927e+02   1.386927e+02   4.064865e+01   4.064865e+01
6.782783e+00   1.390184e+02   1.390184e+02   4.069670e+01   4.069670e+01
6.790791e+00   1.393445e+02   1.393445e+02   4.074474e+01   4.074474e+01
6.798799e+00   1.396710e+02   1.396710e+02   4.079279e+01   4.079279e+01
6.806807e+00   1.399979e+02   1.399979e+02   4.084084e+01   4.084084e+01
6.814815e+00   1.403251e+02   1.403251e+02   4.088889e+01   4.088889e+01
6.822823e+00   1.406527e+02   1.406527e+02   4.093694e+01   4.093694e+01
6.830831e+00   1.409807e+02   1.409807e+02   4.098498e+01   4.098498e+01
6.838839e+00   1.413091e+02   1.413091e+02   4.103303e+01   4.103303e+01
6.846847e+00   1.416379e+02   1.416379e+02   4.108108e+01   4.108108e+01
6.854855e+00   1.419671e+02   1.419671e+02   4.112913e+01   4.112913e+01
6.862863e+00   1.422967e+02   1.422967e+02   4.117718e+01   4.117718e+01
6.870871e+00   1.426266e+02   1.426266e+02   4.122523e+01   4.122523e+01
6.878879e+00   1.429569e+02   1.429569e+02   4.127327e+01   4.127327e+01
6.886887e+00   1.432876e+02   1.432876e+02   4.132132e+01   4.132132e+01
6.894895e+00   1.436187e+02   1.436187e+02   4.136937e+01   4.136937e+01
6.902903e+00   1.439502e+02   1.439502e+02   4.141742e+01   4.141742e+01
6.910911e+00   1.442821e+02   1.442821e+02   4.146547e+01   4.146547e+01
6.918919e+00   1.446143e+02   1.446143e+02   4.151351e+01   4.151351e+01
6.926927e+00   1.449469e+02   1.449469e+02   4.156156e+01   4.156156e+01
6.934935e+00   1.452800e+02   1.452800e+02   4.160961e+01   4.160961e+01
6.942943e+00   1.456134e+02   1.456134e+02   4.165766e+01   4.165766e+01
6.950951e+00   1.459472e+02   1.459472e+02   4.170571e+01   4.170571e+01
6.958959e+00   1.462813e+02   1.462813e+02   4.175375e+01   4.175375e+01
6.966967e+00   1.466159e+02   1.466159e+02   4.180180e+01   4.180180e+01
6.974975e+00   1.469508e+02   1.469508e+02   4.184985e+01   4.184985e+01
6.982983e+00   1.472862e+02   1.472862e+02   4.189790e+01   4.189790e+01
6.990991e+00   1.476219e+02   1.476219e+02   4.194595e+01   4.194595e+01
6.998999e+00   1.479580e+02   1.479580e+02   4.199399e+01   4.199399e+01
7.007007e+00   1.482944e+02   1.482944e+02   4.204204e+01   4.204204e+01
7.015015e+00   1.486313e+02   1.486313e+02   4.209009e+01   4.209009e+01
7.023023e+00   1.489686e+02   1.489686e+02   4.213814e+01   4.213814e+01
7.031031e+00   1.493062e+02   1.493062e+02   4.218619e+01   4.218619e+01
7.039039e+00   1.496442e+02   1.496442e+02   4.223423e+01   4.223423e+01
7.047047e+00   1.499826e+02   1.499826e+02   4.228228e+01   4.228228e+01
7.055055e+00   1.503214e+02   1.503214e+02   4.233033e+01   4.233033e+01
7.063063e+00   1.506606e+02   1.506606e+02   4.237838e+01   4.237838e+01
7.071071e+00   1.510001e+02   1.510001e+02   4.242643e+01   4.242643e+01
7.079079e+00   1.513401e+02   1.513401e+02   4.247447e+01   4.247447e+01
7.087087e+00   1.516804e+02   1.516804e+02   4.252252e+01   4.252252e+01
7.095095e+00   1.520211e+02   1.520211e+02   4.257057e+01   4.257057e+01
7.103103e+00   1.523622e+02   1.523622e+02   4.261862e+01   4.261862e+01
7.111111e+00   1.527037e+02   1.527037e+02   4.266667e+01   4.266667e+01
7.119119e+00   1.530456e+02   1.530456e+02   4.271471e+01   4.271471e+01
7.127127e+00   1.533878e+02   1.533878e+02   4.276276e+01   4.276276e+01
7.135135e+00   1.537305e+02   1.537305e+02   4.281081e+01   4.281081e+01
7.143143e+00   1.540735e+02   1.540735e+02   4.285886e+01   4.285886e+01
7.151151e+00   1.544169e+02   1.544169e+02   4.290691e+01   4.290691e+01
7.159159e+00   1.547607e+02   1.547607e+02   4.295495e+01   4.295495e+01
7.167167e+00   1.551049e+02   1.551049e+02   4.300300e+01   4.300300e+01
7.175175e+00   1.554494e+02   1.554494e+02   4.305105e+01   4.305105e+01
7.183183e+00   1.557944e+02   1.557944e+02   4.309910e+01   4.309910e+01
7.191191e+00   1.561397e+02   1.561397e+02   4.314715e+01   4.314715e+01
7.199199e+00   1.564854e+02   1.564854e+02   4.319520e+01   4.319520e+01
7.207207e+00   1.568315e+02   1.568315e+02   4.324324e+01   4.324324e+01
7.215215e+00   1.571780e+02   1.571780e+02   4.329129e+01   4.329129e+01
7.223223e+00   1.575249e+02   1.575249e+02   4.333934e+01   4.333934e+01
7.231231e+00   1.578721e+02   1.578721e+02   4.338739e+01   4.338739e+01
7.239239e+00   1.582198e+02   1.582198e+02   4.343544e+01   4.343544e+01
7.247247e+00   1.585678e+02   1.585678e+02   4.348348e+01   4.348348e+01
7.255255e+00   1.589162e+02   1.589162e+02   4.353153e+01   4.353153e+01
7.263263e+00   1.592650e+02   1.592650e+02   4.357958e+01   4.357958e+01
7.271271e+00   1.596142e+02   1.596142e+02   4.362763e+01   4.362763e+01
7.279279e+00   1.599637e+02   1.599637e+02   4.367568e+01   4.367568e+01
7.287287e+00   1.603137e+02   1.603137e+02   4.372372e+01   4.372372e+01
7.295295e+00   1.606640e+02   1.606640e+02   4.377177e+01   4.377177e+01
7.303303e+00   1.610147e+02   1.610147e+02   4.381982e+01   4.381982e+01
7.311311e+00   1.613658e+02   1.613658e+02   4.386787e+01   4.386787e+01
7.319319e+00   1.617173e+02   1.617173e+02   4.391592e+01   4.391592e+01
7.327327e+00   1.620692e+02   1.620692e+02   4.396396e+01   4.396396e+01
7.335335e+00   1.624214e+02   1.624214e+02   4.401201e+01   4.401201e+01
7.343343e+00   1.627741e+02   1.627741e+02   4.406006e+01   4.406006e+01
7.351351e+00   1.631271e+02   1.631271e+02   4.410811e+01   4.410811e+01
7.359359e+00   1.634805e+02   1.634805e+02   4.415616e+01   4.415616e+01
7.367367e+00   1.638343e+02   1.638343e+02   4.420420e+01   4.420420e+01
7.375375e+00   1.641885e+02   1.641885e+02   4.425225e+01   4.425225e+01
7.383383e+00   1.645431e+02   1.645431e+02   4.430030e+01   4.430030e+01
7.391391e+00   1.648980e+02   1.648980e+02   4.434835e+01   4.434835e+01
7.399399e+00   1.652533e+02   1.652533e+02   4.439640e+01   4.439640e+01
7.407407e+00   1.656091e+02   1.656091e+02   4.444444e+01   4.444444e+01
7.415415e+00   1.659652e+02   1.659652e+02   4.449249e+01   4.449249e+01
7.423423e+00   1.663216e+02   1.663216e+02   4.454054e+01   4.454054e+01
7.431431e+00   1.666785e+02   1.666785e+02   4.458859e+01   4.458859e+01
7.439439e+00   1.670358e+02   1.670358e+02   4.463664e+01   4.463664e+01
7.447447e+00   1.673934e+02   1.673934e+02   4.468468e+01   4.468468e+01
7.455455e+00   1.677514e+02   1.677514e+02   4.473273e+01   4.473273e+01
7.463463e+00   1.681099e+02   1.681099e+02   4.478078e+01   4.478078e+01
7.471471e+00   1.684687e+02   1.684687e+02   4.482883e+01   4.482883e+01
7.479479e+00   1.688278e+02   1.688278e+02   4.487688e+01   4.487688e+01
7.487487e+00   1.691874e+02   1.691874e+02   4.492492e+01   4.492492e+01
7.495495e+00   1.695474e+02   1.695474e+02   4.497297e+01   4.497297e+01
7.503504e+00   1.699077e+02   1.699077e+02   4.502102e+01   4.502102e+01
7.511512e+00   1.702684e+02   1.702684e+02   4.506907e+01   4.506907e+01
7.519520e+00   1.706295e+02   1.706295e+02   4.511712e+01   4.511712e+01
7.527528e+00   1.709910e+02   1.709910e+02   4.516517e+01   4.516517e+01
7.535536e+00   1.713529e+02   1.713529e+02   4.521321e+01   4.521321e+01
7.543544e+00   1.717151e+02   1.717151e+02   4.526126e+01   4.526126e+01
7.551552e+00   1.720778e+02   1.720778e+02   4.530931e+01   4.530931e+01
7.559560e+00   1.724408e+02   1.724408e+02   4.535736e+01   4.535736e+01
7.567568e+00   1.728042e+02   1.728042e+02   4.540541e+01   4.540541e+01
7.575576e+00   1.731680e+02   1.731680e+02   4.545345e+01   4.545345e+01
7.583584e+00   1.735322e+02   1.735322e+02   4.550150e+01   4.550150e+01
7.591592e+00   1.738968e+02   1.738968e+02   4.554955e+01   4.554955e+01
7.599600e+00   1.742617e+02   1.742617e+02   4.559760e+01   4.559760e+01
7.607608e+00   1.746271e+02   1.746271e+02   4.564565e+01   4.564565e+01
7.615616e+00   1.749928e+02   1.749928e+02   4.569369e+01   4.569369e+01
7.623624e+00   1.753589e+02   1.753589e+02   4.574174e+01   4.574174e+01
7.631632e+00   1.757254e+02   1.757254e+02   4.578979e+01   4.578979e+01
7.639640e+00   1.760923e+02   1.760923e+02   4.583784e+01   4.583784e+01
7.647648e+00   1.764595e+02   1.764595e+02   4.588589e+01   4.588589e+01
7.655656e+00   1.768272e+02   1.768272e+02   4.593393e+01   4.593393e+01
7.663664e+00   1.771952e+02   1.771952e+02   4.598198e+01   4.598198e+01
7.671672e+00   1.775636e+02   1.775636e+02   4.603003e+01   4.603003e+01
7.679680e+00   1.779324e+02   1.779324e+02   4.607808e+01   4.607808e+01
7.687688e+00   1.783016e+02   1.783016e+02   4.612613e+01   4.612613e+01
7.695696e+00   1.786712e+02   1.786712e+02   4.617417e+01   4.617417e+01
7.703704e+00   1.790412e+02   1.790412e+02   4.622222e+01   4.622222e+01
7.711712e+00   1.794115e+02   1.794115e+02   4.627027e+01   4.627027e+01
7.719720e+00   1.797822e+02   1.797822e+02   4.631832e+01   4.631832e+01
7.727728e+00   1.801533e+02   1.801533e+02   4.636637e+01   4.636637e+01
7.735736e+00   1.805248e+02   1.805248e+02   4.641441e+01   4.641441e+01
7.743744e+00   1.808967e+02   1.808967e+02   4.646246e+01   4.646246e+01
7.751752e+00   1.812690e+02   1.812690e+02   4.651051e+01   4.651051e+01
7.759760e+00   1.816416e+02   1.816416e+02   4.655856e+01   4.655856e+01
7.767768e+00   1.820146e+02   1.820146e+02   4.660661e+01   4.660661e+01
7.775776e+00   1.823881e+02   1.823881e+02   4.665465e+01   4.665465e+01
7.783784e+00   1.827619e+02   1.827619e+02   4.670270e+01   4.670270e+01
7.791792e+00   1.831361e+02   1.831361e+02   4.675075e+01   4.675075e+01
7.799800e+00   1.835106e+02   1.835106e+02   4.679880e+01   4.679880e+01
7.807808e+00   1.838856e+02   1.838856e+02   4.684685e+01   4.684685e+01
7.815816e+00   1.842609e+02   1.842609e+02   4.689489e+01   4.689489e+01
7.823824e+00   1.846367e+02   1.846367e+02   4.694294e+01   4.694294e+01
7.831832e+00   1.850128e+02   1.850128e+02   4.699099e+01   4.699099e+01
7.839840e+00   1.853893e+02   1.853893e+02   4.703904e+01   4.703904e+01
7.847848e+00   1.857661e+02   1.857661e+02   4.708709e+01   4.708709e+01
7.855856e+00   1.861434e+02   1.861434e+02   4.713514e+01   4.713514e+01
7.863864e+00   1.865211e+02   1.865211e+02   4.718318e+01   4.718318e+01
7.871872e+00   1.868991e+02   1.868991e+02   4.723123e+01   4.723123e+01
7.879880e+00   1.872775e+02   1.872775e+02   4.727928e+01   4.727928e+01
7.887888e+00   1.876563e+02   1.876563e+02   4.732733e+01   4.732733e+01
7.895896e+00   1.880355e+02   1.880355e+02   4.737538e+01   4.737538e+01
7.903904e+00   1.884151e+02   1.884151e+02   4.742342e+01   4.742342e+01
7.911912e+00   1.887951e+02   1.887951e+02   4.747147e+01   4.747147e+01
7.919920e+00   1.891754e+02   1.891754e+02   4.751952e+01   4.751952e+01
7.927928e+00   1.895561e+02   1.895561e+02   4.756757e+01   4.756757e+01
7.935936e+00   1.899372e+02   1.899372e+02   4.761562e+01   4.761562e+01
7.943944e+00   1.903187e+02   1.903187e+02   4.766366e+01   4.766366e+01
7.951952e+00   1.907006e+02   1.907006e+02   4.771171e+01   4.771171e+01
7.959960e+00   1.910829e+02   1.910829e+02   4.775976e+01   4.775976e+01
7.967968e+00   1.914655e+02   1.914655e+02   4.780781e+01   4.780781e+01
7.975976e+00   1.918486e+02   1.918486e+02   4.785586e+01   4.785586e+01
7.983984e+00   1.922320e+02   1.922320e+02   4.790390e+01   4.790390e+01
7.991992e+00   1.926158e+02   1.926158e+02   4.795195e+01   4.795195e+01
8.000000e+00   1.930000e+02   1.930000e+02   4.800000e+01   4.800000e+01
